0
Train time: 397.3362982749939
Epochs: 16
AUC_ROC_ER: 0.9352201547531319
AUC_ROC_ER_BALANCED: 0.9257461728325587
AUC_ROC_PR_BALANCED: 0.8476785375195611
AUC_ROC_PR: 0.8209523809523809
AUC_ROC_ER|PR-: 0.8784305317324185
AUC_ROC_PR|ER+: 0.6139169472502806
Confusion_ERPR: [[0.77358491 0.05660377 0.06603774 0.10377358]
 [0.91666667 0.08333333 0.         0.        ]
 [0.25       0.         0.11363636 0.63636364]
 [0.07716049 0.02469136 0.05246914 0.84567901]]
1
Train time: 580.0443438847859
Epochs: 17
AUC_ROC_ER: 0.9253634085213033
AUC_ROC_ER_BALANCED: 0.9171801731493298
AUC_ROC_PR_BALANCED: 0.8772141813754245
AUC_ROC_PR: 0.8229325513196482
AUC_ROC_ER|PR-: 0.8715728715728716
AUC_ROC_PR|ER+: 0.648533950617284
Confusion_ERPR: [[0.74747475 0.08080808 0.04040404 0.13131313]
 [0.5        0.16666667 0.         0.33333333]
 [0.23214286 0.03571429 0.10714286 0.625     ]
 [0.08641975 0.02160494 0.0308642  0.86111111]]
2
Train time: 663.737817466259
Epochs: 34
AUC_ROC_ER: 0.9026867030965391
AUC_ROC_ER_BALANCED: 0.8879337279253336
AUC_ROC_PR_BALANCED: 0.8260643881736006
AUC_ROC_PR: 0.7943443251533742
AUC_ROC_ER|PR-: 0.8062547673531655
AUC_ROC_PR|ER+: 0.6448369565217391
Confusion_ERPR: [[0.77192982 0.05263158 0.07894737 0.09649123]
 [0.5        0.16666667 0.16666667 0.16666667]
 [0.2826087  0.         0.2173913  0.5       ]
 [0.11875    0.01875    0.1375     0.725     ]]
3
Train time: 341.97311243216194
Epochs: 7
AUC_ROC_ER: 0.9065656565656565
AUC_ROC_ER_BALANCED: 0.8986590481515027
AUC_ROC_PR_BALANCED: 0.8574698852110102
AUC_ROC_PR: 0.8071772783487569
AUC_ROC_ER|PR-: 0.8354735152487961
AUC_ROC_PR|ER+: 0.6260425073984396
Confusion_ERPR: [[0.82022472 0.05617978 0.01123596 0.11235955]
 [0.75       0.         0.25       0.        ]
 [0.4047619  0.02380952 0.02380952 0.54761905]
 [0.16384181 0.02542373 0.08474576 0.7259887 ]]
4
Train time: 284.8204605738322
Epochs: 6
AUC_ROC_ER: 0.9200405968839147
AUC_ROC_ER_BALANCED: 0.899875620008121
AUC_ROC_PR_BALANCED: 0.8381186004531405
AUC_ROC_PR: 0.8284692608386639
AUC_ROC_ER|PR-: 0.7994330262225372
AUC_ROC_PR|ER+: 0.7113798790544253
Confusion_ERPR: [[0.87951807 0.01204819 0.04819277 0.06024096]
 [0.86666667 0.         0.06666667 0.06666667]
 [0.43137255 0.03921569 0.11764706 0.41176471]
 [0.15264798 0.01869159 0.04672897 0.78193146]]
MEAN
AUC_ROC_ER: 0.9179753039641092
AUC_ROC_ER_BALANCED: 0.905878948413369
AUC_ROC_PR_BALANCED: 0.8493091185465473
AUC_ROC_PR: 0.8147751593225647
AUC_ROC_ER|PR-: 0.8382329424259577
AUC_ROC_PR|ER+: 0.6489420481684337
Confusion_ERPR: [[0.79854645 0.05165428 0.04896357 0.10083569]
 [0.70666667 0.08333333 0.09666667 0.11333333]
 [0.3201772  0.0197479  0.11592542 0.54414948]
 [0.11976401 0.02183232 0.07046161 0.78794206]]
Train time: 453.5824065264066
Epochs: 16.0
STD_DEV
AUC_ROC_ER: 0.01200129803623902
AUC_ROC_ER_BALANCED: 0.013657394603304803
AUC_ROC_PR_BALANCED: 0.017398244876025953
AUC_ROC_PR: 0.01238851329040168
AUC_ROC_ER|PR-: 0.03244394759672992
AUC_ROC_PR|ER+: 0.03366496014728115
Confusion_ERPR: [[0.04683203 0.02220144 0.02318529 0.02339706]
 [0.17720045 0.0745356  0.09797959 0.12578642]
 [0.08198202 0.01691376 0.06142638 0.08309898]
 [0.03450256 0.00284566 0.03782355 0.0574862 ]]
Train time: 144.40136562448276
Epochs: 10.059821071967434
