0
Train time: 248.1926143248876
Epochs: 15
AUC_ROC_ER: 0.8862149963154016
AUC_ROC_ER_BALANCED: 0.8798777263465792
AUC_ROC_PR_BALANCED: 0.8382984774055806
AUC_ROC_PR: 0.8005555555555555
AUC_ROC_ER|PR-: 0.8580617495711835
AUC_ROC_PR|ER+: 0.5332491582491582
Confusion_ERPR: [[0.78301887 0.         0.14150943 0.0754717 ]
 [0.91666667 0.08333333 0.         0.        ]
 [0.15909091 0.02272727 0.15909091 0.65909091]
 [0.07098765 0.07098765 0.12037037 0.73765432]]
1
Train time: 202.28714649677278
Epochs: 9
AUC_ROC_ER: 0.9103007518796993
AUC_ROC_ER_BALANCED: 0.9058938217105318
AUC_ROC_PR_BALANCED: 0.8732281527876226
AUC_ROC_PR: 0.8156011730205279
AUC_ROC_ER|PR-: 0.8858225108225108
AUC_ROC_PR|ER+: 0.6288580246913581
Confusion_ERPR: [[0.65656566 0.13131313 0.12121212 0.09090909]
 [0.5        0.5        0.         0.        ]
 [0.125      0.05357143 0.14285714 0.67857143]
 [0.03703704 0.12037037 0.07098765 0.77160494]]
2
Train time: 161.7624875664711
Epochs: 5
AUC_ROC_ER: 0.8752959927140256
AUC_ROC_ER_BALANCED: 0.865581683573212
AUC_ROC_PR_BALANCED: 0.8688452384639918
AUC_ROC_PR: 0.8206288343558281
AUC_ROC_ER|PR-: 0.813119755911518
AUC_ROC_PR|ER+: 0.5990489130434783
Confusion_ERPR: [[0.72807018 0.03508772 0.20175439 0.03508772]
 [0.66666667 0.33333333 0.         0.        ]
 [0.23913043 0.04347826 0.06521739 0.65217391]
 [0.146875   0.03125    0.0875     0.734375  ]]
3
Train time: 231.5297298868497
Epochs: 12
AUC_ROC_ER: 0.9038774845226458
AUC_ROC_ER_BALANCED: 0.9018089660431602
AUC_ROC_PR_BALANCED: 0.8529663698734375
AUC_ROC_PR: 0.7911638022943409
AUC_ROC_ER|PR-: 0.8814874264312466
AUC_ROC_PR|ER+: 0.5825934893731504
Confusion_ERPR: [[0.69662921 0.11235955 0.08988764 0.1011236 ]
 [0.25       0.5        0.         0.25      ]
 [0.16666667 0.04761905 0.16666667 0.61904762]
 [0.10734463 0.03672316 0.10734463 0.74858757]]
4
Train time: 362.0719696561495
Epochs: 25
AUC_ROC_ER: 0.8820221637041913
AUC_ROC_ER_BALANCED: 0.865191683926184
AUC_ROC_PR_BALANCED: 0.8120061372543528
AUC_ROC_PR: 0.810367803837953
AUC_ROC_ER|PR-: 0.7980155917788802
AUC_ROC_PR|ER+: 0.7241463563618593
Confusion_ERPR: [[0.77108434 0.         0.1686747  0.06024096]
 [0.86666667 0.06666667 0.06666667 0.        ]
 [0.29411765 0.01960784 0.35294118 0.33333333]
 [0.12461059 0.09345794 0.20249221 0.57943925]]
MEAN
AUC_ROC_ER: 0.8915422778271929
AUC_ROC_ER_BALANCED: 0.8836707763199335
AUC_ROC_PR_BALANCED: 0.8490688751569969
AUC_ROC_PR: 0.8076634338128411
AUC_ROC_ER|PR-: 0.8473014069030679
AUC_ROC_PR|ER+: 0.6135791883438009
Confusion_ERPR: [[0.72707365 0.05575208 0.14460766 0.07256661]
 [0.64       0.29666667 0.01333333 0.05      ]
 [0.19680113 0.03740077 0.17735466 0.58844344]
 [0.09737098 0.07055783 0.11773897 0.71433222]]
Train time: 241.16878958622615
Epochs: 13.2
STD_DEV
AUC_ROC_ER: 0.013319098724743144
AUC_ROC_ER_BALANCED: 0.017354751701277357
AUC_ROC_PR_BALANCED: 0.022269322912528755
AUC_ROC_PR: 0.01059417486894321
AUC_ROC_ER|PR-: 0.035681427072505226
AUC_ROC_PR|ER+: 0.06337617479728189
Confusion_ERPR: [[0.0468317  0.05578079 0.03846089 0.02331084]
 [0.24508502 0.19102065 0.02666667 0.1       ]
 [0.06123369 0.01367289 0.09491393 0.12899107]
 [0.03905991 0.03375138 0.04560298 0.06869547]]
Train time: 67.196677755163
Epochs: 6.764613810115105
