0
Train time: 7.5418963154157
Epochs: 14
AUC_ROC_ER: 0.40821501014198786
AUC_PR_ER: 0.6632819185202572
AUC_ROC_PR: 0.7731560891938251
AUC_PR_PR: 0.7842621449953024
AUC_ROC_LABELSAGREE: 0.5816176470588235
AUC_ROC_ER_PR+: 0.9423076923076923
AUC_ROC_ER_PR-: 0.5200892857142857
AUC_ROC_PR_ER+: 0.7295673076923077
AUC_ROC_PR_ER-: 0.1071428571428571
Confusion_ERPR: [[0.         0.         0.71428571 0.28571429]
 [0.         0.         1.         0.        ]
 [0.         0.         0.375      0.625     ]
 [0.         0.         0.13461538 0.86538462]]
1
Train time: 15.487256423632305
Epochs: 76
AUC_ROC_ER: 0.8560517038777908
AUC_PR_ER: 0.9489980468675566
AUC_ROC_PR: 0.8235023041474654
AUC_PR_PR: 0.8511829078727602
AUC_ROC_LABELSAGREE: 0.5990196078431373
AUC_ROC_ER_PR+: nan
AUC_ROC_ER_PR-: 0.7789855072463768
AUC_ROC_PR_ER+: 0.6599462365591398
AUC_ROC_PR_ER-: nan
Confusion_ERPR: [[0.56521739 0.         0.30434783 0.13043478]
 [0.         0.         0.         0.        ]
 [0.25       0.         0.25       0.5       ]
 [0.11290323 0.         0.11290323 0.77419355]]
2
Train time: 49.65046534538269
Epochs: 359
AUC_ROC_ER: 0.9138678223185266
AUC_PR_ER: 0.9654528442660262
AUC_ROC_PR: 0.8440709617180205
AUC_PR_PR: 0.904204950858627
AUC_ROC_LABELSAGREE: 0.5896551724137932
AUC_ROC_ER_PR+: 0.3548387096774194
AUC_ROC_ER_PR-: 0.96
AUC_ROC_PR_ER+: 0.6810035842293907
AUC_ROC_PR_ER-: 1.0
Confusion_ERPR: [[0.56       0.         0.24       0.2       ]
 [0.         0.         0.         1.        ]
 [0.         0.         0.33333333 0.66666667]
 [0.03225806 0.         0.08064516 0.88709677]]
3
Train time: 9.815111438433329
Epochs: 31
AUC_ROC_ER: 0.8665872543180464
AUC_PR_ER: 0.9544729961020486
AUC_ROC_PR: 0.7459165154264973
AUC_PR_PR: 0.8330960703509869
AUC_ROC_LABELSAGREE: 0.5919343814080655
AUC_ROC_ER_PR+: 0.7767857142857142
AUC_ROC_ER_PR-: 0.8515406162464985
AUC_ROC_PR_ER+: 0.694327731092437
AUC_ROC_PR_ER-: 0.5238095238095238
Confusion_ERPR: [[0.23809524 0.33333333 0.28571429 0.14285714]
 [0.5        0.         0.         0.5       ]
 [0.05882353 0.11764706 0.47058824 0.35294118]
 [0.01785714 0.07142857 0.14285714 0.76785714]]
4
Train time: 15.337330536047618
Epochs: 77
AUC_ROC_ER: 0.8297720797720798
AUC_PR_ER: 0.9448921907982794
AUC_ROC_PR: 0.8659154929577464
AUC_PR_PR: 0.9471250844082718
AUC_ROC_LABELSAGREE: 0.6104725415070242
AUC_ROC_ER_PR+: 0.18571428571428572
AUC_ROC_ER_PR-: 0.6470588235294117
AUC_ROC_PR_ER+: 0.7625
AUC_ROC_PR_ER-: 1.0
Confusion_ERPR: [[0.47058824 0.05882353 0.47058824 0.        ]
 [0.         0.         0.         1.        ]
 [0.375      0.         0.125      0.5       ]
 [0.01428571 0.01428571 0.2        0.77142857]]
MEAN
AUC_ROC_ER: 0.7748987740856863
AUC_PR_ER: 0.8954195993108337
AUC_ROC_PR: 0.8105122726887111
AUC_PR_PR: 0.8639742316971898
AUC_ROC_LABELSAGREE: 0.5945398700461687
AUC_ROC_ER_PR+: 0.564911600496278
AUC_ROC_ER_PR-: 0.7515348465473145
AUC_ROC_PR_ER+: 0.705468971914655
AUC_ROC_PR_ER-: 0.6577380952380952
Confusion_ERPR: [[0.36678017 0.07843137 0.40298721 0.15180124]
 [0.1        0.         0.2        0.5       ]
 [0.13676471 0.02352941 0.31078431 0.52892157]
 [0.03546083 0.01714286 0.13420418 0.81319213]]
Train time: 19.56641201178233
Epochs: 111.4
STD_DEV
AUC_ROC_ER: 0.18534995775816834
AUC_PR_ER: 0.11627385713515695
AUC_ROC_PR: 0.044570258344387034
AUC_PR_PR: 0.056575030977453734
AUC_ROC_LABELSAGREE: 0.009711341406282074
AUC_ROC_ER_PR+: 0.3062840483944005
AUC_ROC_ER_PR-: 0.154074462494565
AUC_ROC_PR_ER+: 0.03640953124559865
AUC_ROC_PR_ER-: 0.37261857218895583
Confusion_ERPR: [[0.21843757 0.12947117 0.17408283 0.09363329]
 [0.2        0.         0.4        0.4472136 ]
 [0.15037439 0.04705882 0.11694439 0.11031481]
 [0.04005828 0.02770103 0.03931013 0.05197364]]
Train time: 15.357420004829022
Epochs: 126.2483267215847
