0
Train time: 285.29886256456376
Epochs: 8
AUC_ROC_ER: 0.9299465733235078
AUC_ROC_ER_BALANCED: 0.9235974182594597
AUC_ROC_PR_BALANCED: 0.8438006150229413
AUC_ROC_PR: 0.8106349206349206
AUC_ROC_ER|PR-: 0.8932246998284734
AUC_ROC_PR|ER+: 0.5911896745230079
Confusion_ERPR: [[0.76415094 0.02830189 0.03773585 0.16981132]
 [0.75       0.         0.08333333 0.16666667]
 [0.13636364 0.         0.13636364 0.72727273]
 [0.0462963  0.03395062 0.09567901 0.82407407]]
1
Train time: 205.3019143740336
Epochs: 5
AUC_ROC_ER: 0.9176691729323307
AUC_ROC_ER_BALANCED: 0.9124208247702581
AUC_ROC_PR_BALANCED: 0.8548836158887502
AUC_ROC_PR: 0.7932160312805474
AUC_ROC_ER|PR-: 0.878968253968254
AUC_ROC_PR|ER+: 0.5973875661375662
Confusion_ERPR: [[0.73737374 0.03030303 0.08080808 0.15151515]
 [0.5        0.         0.16666667 0.33333333]
 [0.14285714 0.05357143 0.16071429 0.64285714]
 [0.05864198 0.01234568 0.14814815 0.7808642 ]]
2
Train time: 224.1915212392807
Epochs: 5
AUC_ROC_ER: 0.8977459016393443
AUC_ROC_ER_BALANCED: 0.8856988001402315
AUC_ROC_PR_BALANCED: 0.814498030072555
AUC_ROC_PR: 0.773351226993865
AUC_ROC_ER|PR-: 0.818459191456903
AUC_ROC_PR|ER+: 0.5860733695652174
Confusion_ERPR: [[0.62280702 0.06140351 0.11403509 0.20175439]
 [0.5        0.16666667 0.         0.33333333]
 [0.2173913  0.02173913 0.13043478 0.63043478]
 [0.084375   0.021875   0.103125   0.790625  ]]
3
Train time: 247.34519190390904
Epochs: 5
AUC_ROC_ER: 0.8984196806777452
AUC_ROC_ER_BALANCED: 0.8951529014229139
AUC_ROC_PR_BALANCED: 0.8434277880721655
AUC_ROC_PR: 0.7916968740671244
AUC_ROC_ER|PR-: 0.8635634028892456
AUC_ROC_PR|ER+: 0.6113128867366155
Confusion_ERPR: [[0.76404494 0.08988764 0.07865169 0.06741573]
 [0.75       0.         0.         0.25      ]
 [0.21428571 0.         0.23809524 0.54761905]
 [0.12711864 0.03107345 0.11299435 0.72881356]]
4
Train time: 419.32980539798734
Epochs: 10
AUC_ROC_ER: 0.914088215931534
AUC_ROC_ER_BALANCED: 0.8965225254882883
AUC_ROC_PR_BALANCED: 0.8405631095116819
AUC_ROC_PR: 0.8243825515280739
AUC_ROC_ER|PR-: 0.7984880699267659
AUC_ROC_PR|ER+: 0.7149838128397776
Confusion_ERPR: [[0.86746988 0.02409639 0.02409639 0.08433735]
 [0.8        0.         0.         0.2       ]
 [0.45098039 0.03921569 0.11764706 0.39215686]
 [0.1152648  0.03738318 0.09968847 0.74766355]]
MEAN
AUC_ROC_ER: 0.9115739089008924
AUC_ROC_ER_BALANCED: 0.9026784940162302
AUC_ROC_PR_BALANCED: 0.8394346317136188
AUC_ROC_PR: 0.7986563209009063
AUC_ROC_ER|PR-: 0.8505407236139284
AUC_ROC_PR|ER+: 0.6201894619604369
Confusion_ERPR: [[0.7511693  0.04679849 0.06706542 0.13496679]
 [0.66       0.03333333 0.05       0.25666667]
 [0.23237564 0.02290525 0.156651   0.58806811]
 [0.08633934 0.02732558 0.111927   0.77440808]]
Train time: 276.2934590959549
Epochs: 6.6
STD_DEV
AUC_ROC_ER: 0.012208818832429174
AUC_ROC_ER_BALANCED: 0.013530372474806969
AUC_ROC_PR_BALANCED: 0.013392429081763874
AUC_ROC_PR: 0.017456828021721146
AUC_ROC_ER|PR-: 0.03616169228466955
AUC_ROC_PR|ER+: 0.04814474931120111
Confusion_ERPR: [[0.07813747 0.02529661 0.03235989 0.05113719]
 [0.13190906 0.06666667 0.06666667 0.06798693]
 [0.11451784 0.02124667 0.04305775 0.1133067 ]
 [0.03122205 0.00909065 0.01899666 0.03336319]]
Train time: 76.33204723956348
Epochs: 2.0591260281974
