0
Train time: 121.59178403615951
Epochs: 5
AUC_ROC_ER: 0.8790991156963891
AUC_ROC_ER_BALANCED: 0.8688911054786934
AUC_ROC_PR_BALANCED: 0.8292929418905894
AUC_ROC_PR: 0.7908730158730158
AUC_ROC_ER|PR-: 0.8248284734133792
AUC_ROC_PR|ER+: 0.5312850729517397
Confusion_ERPR: [[0.78301887 0.00943396 0.19811321 0.00943396]
 [0.83333333 0.         0.16666667 0.        ]
 [0.22727273 0.02272727 0.36363636 0.38636364]
 [0.13580247 0.02469136 0.4537037  0.38580247]]
1
Train time: 141.96755084991455
Epochs: 8
AUC_ROC_ER: 0.8989724310776942
AUC_ROC_ER_BALANCED: 0.8924229207776471
AUC_ROC_PR_BALANCED: 0.8527568784913455
AUC_ROC_PR: 0.7997262952101662
AUC_ROC_ER|PR-: 0.863095238095238
AUC_ROC_PR|ER+: 0.6370149911816578
Confusion_ERPR: [[0.66666667 0.01010101 0.3030303  0.02020202]
 [0.66666667 0.         0.33333333 0.        ]
 [0.10714286 0.01785714 0.60714286 0.26785714]
 [0.03703704 0.0154321  0.45987654 0.48765432]]
2
Train time: 157.0475379506747
Epochs: 10
AUC_ROC_ER: 0.8466074681238615
AUC_ROC_ER_BALANCED: 0.8391056347696286
AUC_ROC_PR_BALANCED: 0.8178118555847904
AUC_ROC_PR: 0.7772047546012271
AUC_ROC_ER|PR-: 0.8125476735316552
AUC_ROC_PR|ER+: 0.5894021739130435
Confusion_ERPR: [[0.68421053 0.00877193 0.27192982 0.03508772]
 [1.         0.         0.         0.        ]
 [0.2173913  0.         0.43478261 0.34782609]
 [0.125      0.046875   0.3875     0.440625  ]]
3
Train time: 134.78164222637812
Epochs: 7
AUC_ROC_ER: 0.8905723905723906
AUC_ROC_ER_BALANCED: 0.889202744100925
AUC_ROC_PR_BALANCED: 0.8200235443461167
AUC_ROC_PR: 0.7749584204017229
AUC_ROC_ER|PR-: 0.875334403424291
AUC_ROC_PR|ER+: 0.5934221146085553
Confusion_ERPR: [[0.91011236 0.         0.07865169 0.01123596]
 [0.75       0.         0.25       0.        ]
 [0.26190476 0.         0.42857143 0.30952381]
 [0.26553672 0.03107345 0.32768362 0.37570621]]
4
Train time: 83.16807812054952
Epochs: 0
AUC_ROC_ER: 0.7977561992538952
AUC_ROC_ER_BALANCED: 0.7821915677003106
AUC_ROC_PR_BALANCED: 0.7540699788139669
AUC_ROC_PR: 0.7408937455579248
AUC_ROC_ER|PR-: 0.7250177179305457
AUC_ROC_PR|ER+: 0.6394844542178242
Confusion_ERPR: [[0.69879518 0.04819277 0.14457831 0.10843373]
 [0.66666667 0.13333333 0.2        0.        ]
 [0.29411765 0.11764706 0.23529412 0.35294118]
 [0.15576324 0.13084112 0.24299065 0.47040498]]
MEAN
AUC_ROC_ER: 0.8626015209448461
AUC_ROC_ER_BALANCED: 0.8543627945654408
AUC_ROC_PR_BALANCED: 0.8147910398253618
AUC_ROC_PR: 0.7767312463288114
AUC_ROC_ER|PR-: 0.8201647012790219
AUC_ROC_PR|ER+: 0.5981217613745641
Confusion_ERPR: [[0.74856072 0.01529993 0.19926067 0.03687868]
 [0.78333333 0.02666667 0.19       0.        ]
 [0.22156586 0.03164629 0.41388548 0.33290237]
 [0.14382789 0.0497826  0.3743509  0.4320386 ]]
Train time: 127.71131863673527
Epochs: 6.0
STD_DEV
AUC_ROC_ER: 0.03698137032356237
AUC_ROC_ER_BALANCED: 0.04077973521534766
AUC_ROC_PR_BALANCED: 0.03278799094449868
AUC_ROC_PR: 0.020082108964211857
AUC_ROC_ER|PR-: 0.05295176172454845
AUC_ROC_PR|ER+: 0.039468510204028126
Confusion_ERPR: [[0.09012268 0.01685277 0.08195968 0.03691126]
 [0.12472191 0.05333333 0.11035297 0.        ]
 [0.06329867 0.04397453 0.12035001 0.04064435]
 [0.07318289 0.0418055  0.08150798 0.04460926]]
Train time: 25.041534999373813
Epochs: 3.40587727318528
