0
Train time: 551.0101726969083
Epochs: 17
AUC_ROC_ER: 0.9409773397199707
AUC_ROC_ER_BALANCED: 0.9321395061101955
AUC_ROC_PR_BALANCED: 0.8499382603427432
AUC_ROC_PR: 0.8204960317460318
AUC_ROC_ER|PR-: 0.8880789022298456
AUC_ROC_PR|ER+: 0.6122334455667788
Confusion_ERPR: [[0.82075472 0.04716981 0.03773585 0.09433962]
 [0.83333333 0.08333333 0.         0.08333333]
 [0.25       0.         0.09090909 0.65909091]
 [0.08950617 0.0154321  0.06481481 0.83024691]]
1
Train time: 262.86964293718336
Epochs: 9
AUC_ROC_ER: 0.9259147869674186
AUC_ROC_ER_BALANCED: 0.91664325521622
AUC_ROC_PR_BALANCED: 0.8702899810053677
AUC_ROC_PR: 0.8249462365591399
AUC_ROC_ER|PR-: 0.8632756132756132
AUC_ROC_PR|ER+: 0.6795634920634921
Confusion_ERPR: [[0.82828283 0.06060606 0.05050505 0.06060606]
 [0.66666667 0.16666667 0.16666667 0.        ]
 [0.26785714 0.03571429 0.25       0.44642857]
 [0.11111111 0.0308642  0.16358025 0.69444444]]
2
Train time: 242.591834572951
Epochs: 6
AUC_ROC_ER: 0.8920537340619308
AUC_ROC_ER_BALANCED: 0.8801691016391506
AUC_ROC_PR_BALANCED: 0.8393248780903714
AUC_ROC_PR: 0.7991756134969324
AUC_ROC_ER|PR-: 0.8171243325705568
AUC_ROC_PR|ER+: 0.6385190217391304
Confusion_ERPR: [[0.71052632 0.05263158 0.12280702 0.11403509]
 [0.33333333 0.5        0.         0.16666667]
 [0.2173913  0.02173913 0.26086957 0.5       ]
 [0.096875   0.04375    0.159375   0.7       ]]
3
Train time: 689.2055302182833
Epochs: 9
AUC_ROC_ER: 0.9095796676441837
AUC_ROC_ER_BALANCED: 0.9003488005653145
AUC_ROC_PR_BALANCED: 0.8559642584659862
AUC_ROC_PR: 0.8039362019702333
AUC_ROC_ER|PR-: 0.8389513108614232
AUC_ROC_PR|ER+: 0.6184422921711058
Confusion_ERPR: [[0.80898876 0.06741573 0.03370787 0.08988764]
 [0.75       0.         0.         0.25      ]
 [0.33333333 0.07142857 0.07142857 0.52380952]
 [0.1440678  0.03672316 0.0960452  0.72316384]]
4
Train time: 432.92385643720627
Epochs: 8
AUC_ROC_ER: 0.9149111257406187
AUC_ROC_ER_BALANCED: 0.8990821596210168
AUC_ROC_PR_BALANCED: 0.8136954929571085
AUC_ROC_PR: 0.8009950248756219
AUC_ROC_ER|PR-: 0.8173871958421922
AUC_ROC_PR|ER+: 0.6987966526174332
Confusion_ERPR: [[0.74698795 0.09638554 0.06024096 0.09638554]
 [0.73333333 0.         0.13333333 0.13333333]
 [0.25490196 0.11764706 0.15686275 0.47058824]
 [0.04361371 0.03426791 0.14641745 0.77570093]]
MEAN
AUC_ROC_ER: 0.9166873308268245
AUC_ROC_ER_BALANCED: 0.9056765646303795
AUC_ROC_PR_BALANCED: 0.8458425741723155
AUC_ROC_PR: 0.8099098217295918
AUC_ROC_ER|PR-: 0.844963470955926
AUC_ROC_PR|ER+: 0.6495109808315881
Confusion_ERPR: [[0.78310812 0.06484174 0.06099935 0.09105079]
 [0.66333333 0.15       0.06       0.12666667]
 [0.26469675 0.04930581 0.16601399 0.51998345]
 [0.09703476 0.03220747 0.12604654 0.74471123]]
Train time: 435.7202073725064
Epochs: 9.8
STD_DEV
AUC_ROC_ER: 0.01634404080304023
AUC_ROC_ER_BALANCED: 0.017567341801075907
AUC_ROC_PR_BALANCED: 0.018935754708391445
AUC_ROC_PR: 0.010663419487176433
AUC_ROC_ER|PR-: 0.027444087211866117
AUC_ROC_PR|ER+: 0.034082054192542746
Confusion_ERPR: [[0.04626146 0.01721025 0.03230142 0.01729618]
 [0.17333333 0.18559215 0.07423686 0.08339997]
 [0.0381332  0.04131745 0.07838638 0.07431698]
 [0.03262136 0.00939238 0.03894597 0.05151087]]
Train time: 170.13541112131637
Epochs: 3.7629775444453557
