0
Train time: 579.0668921232224
Epochs: 69
AUC_ROC_ER: 0.8908898305084746
AUC_ROC_ER_BALANCED: 0.8807843035513575
AUC_ROC_PR_BALANCED: 0.8338678618504518
AUC_ROC_PR: 0.7961904761904763
AUC_ROC_ER|PR-: 0.8278301886792454
AUC_ROC_PR|ER+: 0.5509960718294051
Confusion_ERPR: [[0.81132075 0.03773585 0.12264151 0.02830189]
 [0.91666667 0.         0.08333333 0.        ]
 [0.22727273 0.11363636 0.18181818 0.47727273]
 [0.12345679 0.10185185 0.15432099 0.62037037]]
1
Train time: 423.000279434522
Epochs: 48
AUC_ROC_ER: 0.8792731829573935
AUC_ROC_ER_BALANCED: 0.8715212333937797
AUC_ROC_PR_BALANCED: 0.8844134326387827
AUC_ROC_PR: 0.8229912023460411
AUC_ROC_ER|PR-: 0.8362193362193362
AUC_ROC_PR|ER+: 0.6314484126984127
Confusion_ERPR: [[0.81818182 0.03030303 0.1010101  0.05050505]
 [0.66666667 0.33333333 0.         0.        ]
 [0.23214286 0.10714286 0.25       0.41071429]
 [0.11111111 0.16049383 0.08641975 0.64197531]]
2
Train time: 543.3261260390282
Epochs: 63
AUC_ROC_ER: 0.8699225865209472
AUC_ROC_ER_BALANCED: 0.8611588559562122
AUC_ROC_PR_BALANCED: 0.8431692848844692
AUC_ROC_PR: 0.8016296012269939
AUC_ROC_ER|PR-: 0.8222730739893211
AUC_ROC_PR|ER+: 0.5967391304347825
Confusion_ERPR: [[0.76315789 0.06140351 0.11403509 0.06140351]
 [1.         0.         0.         0.        ]
 [0.26086957 0.         0.19565217 0.54347826]
 [0.14375    0.109375   0.15625    0.590625  ]]
3
Train time: 673.2260101079941
Epochs: 83
AUC_ROC_ER: 0.9010806994677963
AUC_ROC_ER_BALANCED: 0.8982934906446846
AUC_ROC_PR_BALANCED: 0.8529554676040654
AUC_ROC_PR: 0.8031685786174252
AUC_ROC_ER|PR-: 0.8649010165864099
AUC_ROC_PR|ER+: 0.6271186440677967
Confusion_ERPR: [[0.84269663 0.05617978 0.03370787 0.06741573]
 [0.75       0.         0.         0.25      ]
 [0.30952381 0.02380952 0.21428571 0.45238095]
 [0.1779661  0.09322034 0.11016949 0.61864407]]
4
Train time: 408.4252192934354
Epochs: 46
AUC_ROC_ER: 0.9004553434276936
AUC_ROC_ER_BALANCED: 0.8787957708674439
AUC_ROC_PR_BALANCED: 0.8433790714810822
AUC_ROC_PR: 0.8319340796019901
AUC_ROC_ER|PR-: 0.7781715095676824
AUC_ROC_PR|ER+: 0.7152281473336998
Confusion_ERPR: [[0.91566265 0.         0.06024096 0.02409639]
 [1.         0.         0.         0.        ]
 [0.41176471 0.03921569 0.21568627 0.33333333]
 [0.12461059 0.1588785  0.1682243  0.5482866 ]]
MEAN
AUC_ROC_ER: 0.888324328576461
AUC_ROC_ER_BALANCED: 0.8781107308826955
AUC_ROC_PR_BALANCED: 0.8515570236917702
AUC_ROC_PR: 0.8111827875965855
AUC_ROC_ER|PR-: 0.825879025008399
AUC_ROC_PR|ER+: 0.6243060812728193
Confusion_ERPR: [[0.83020395 0.03712443 0.08632711 0.04634451]
 [0.86666667 0.06666667 0.01666667 0.05      ]
 [0.28831473 0.05676089 0.21148847 0.44343591]
 [0.13617892 0.1247639  0.13507691 0.60398027]]
Train time: 525.4089053996404
Epochs: 61.8
STD_DEV
AUC_ROC_ER: 0.01214096921581245
AUC_ROC_ER_BALANCED: 0.012212686869686332
AUC_ROC_PR_BALANCED: 0.017502221376598535
AUC_ROC_PR: 0.013786334505301128
AUC_ROC_ER|PR-: 0.02800876582287059
AUC_ROC_PR|ER+: 0.053777392587495414
Confusion_ERPR: [[0.04991099 0.02180692 0.03391557 0.01737006]
 [0.13540064 0.13333333 0.03333333 0.1       ]
 [0.06829987 0.04558199 0.02297694 0.0698952 ]
 [0.02335621 0.02897313 0.03132182 0.03227207]]
Train time: 99.21976845980605
Epochs: 13.731715115017497
