0
Train time: 210.45308168331783
Epochs: 19
AUC_ROC_ER: 0.8926630434782608
AUC_ROC_ER_BALANCED: 0.8827057697580839
AUC_ROC_PR_BALANCED: 0.8260219255216004
AUC_ROC_PR: 0.7921626984126984
AUC_ROC_ER|PR-: 0.8364065180102916
AUC_ROC_PR|ER+: 0.5626402918069584
Confusion_ERPR: [[0.86792453 0.         0.04716981 0.08490566]
 [0.91666667 0.         0.         0.08333333]
 [0.34090909 0.         0.06818182 0.59090909]
 [0.16358025 0.03395062 0.0462963  0.75617284]]
1
Train time: 213.45392324129742
Epochs: 19
AUC_ROC_ER: 0.9218045112781955
AUC_ROC_ER_BALANCED: 0.9145275849555897
AUC_ROC_PR_BALANCED: 0.8773441462467364
AUC_ROC_PR: 0.8101466275659823
AUC_ROC_ER|PR-: 0.8701298701298702
AUC_ROC_PR|ER+: 0.5997023809523809
Confusion_ERPR: [[0.84848485 0.07070707 0.02020202 0.06060606]
 [0.66666667 0.16666667 0.         0.16666667]
 [0.25       0.01785714 0.21428571 0.51785714]
 [0.12962963 0.03395062 0.03703704 0.79938272]]
2
Train time: 216.92310153245927
Epochs: 19
AUC_ROC_ER: 0.8642076502732241
AUC_ROC_ER_BALANCED: 0.8515357374280136
AUC_ROC_PR_BALANCED: 0.8299240921294799
AUC_ROC_PR: 0.7797737730061349
AUC_ROC_ER|PR-: 0.7858504958047292
AUC_ROC_PR|ER+: 0.5458559782608696
Confusion_ERPR: [[0.76315789 0.05263158 0.0877193  0.09649123]
 [0.83333333 0.16666667 0.         0.        ]
 [0.30434783 0.         0.06521739 0.63043478]
 [0.171875   0.078125   0.046875   0.703125  ]]
3
Train time: 244.95131599903107
Epochs: 19
AUC_ROC_ER: 0.8748506571087217
AUC_ROC_ER_BALANCED: 0.8722820049000104
AUC_ROC_PR_BALANCED: 0.8420720866075486
AUC_ROC_PR: 0.7856625015992151
AUC_ROC_ER|PR-: 0.8223649010165864
AUC_ROC_PR|ER+: 0.5924132364810331
Confusion_ERPR: [[0.83146067 0.03370787 0.01123596 0.12359551]
 [0.5        0.         0.         0.5       ]
 [0.4047619  0.04761905 0.0952381  0.45238095]
 [0.18926554 0.03389831 0.07627119 0.70056497]]
4
Train time: 238.2981611053149
Epochs: 19
AUC_ROC_ER: 0.8957647575159094
AUC_ROC_ER_BALANCED: 0.8778623636907406
AUC_ROC_PR_BALANCED: 0.8283403210426981
AUC_ROC_PR: 0.8143878820184791
AUC_ROC_ER|PR-: 0.7850224427120245
AUC_ROC_PR|ER+: 0.6927493738928593
Confusion_ERPR: [[0.8313253  0.03614458 0.03614458 0.09638554]
 [0.8        0.         0.13333333 0.06666667]
 [0.41176471 0.01960784 0.1372549  0.43137255]
 [0.16510903 0.07165109 0.04361371 0.71962617]]
MEAN
AUC_ROC_ER: 0.8898581239308623
AUC_ROC_ER_BALANCED: 0.8797826921464876
AUC_ROC_PR_BALANCED: 0.8407405143096127
AUC_ROC_PR: 0.7964266965205019
AUC_ROC_ER|PR-: 0.8199548455347004
AUC_ROC_PR|ER+: 0.5986722522788204
Confusion_ERPR: [[0.82847065 0.03863822 0.04049433 0.0923968 ]
 [0.74333333 0.06666667 0.02666667 0.16333333]
 [0.34235671 0.01701681 0.11603558 0.5245909 ]
 [0.16389189 0.05031513 0.05001865 0.73577434]]
Train time: 224.81591671228412
Epochs: 19.0
STD_DEV
AUC_ROC_ER: 0.019730678740479655
AUC_ROC_ER_BALANCED: 0.020364628061687505
AUC_ROC_PR_BALANCED: 0.019125875632343522
AUC_ROC_PR: 0.013580943458594095
AUC_ROC_ER|PR-: 0.03217880801168891
AUC_ROC_PR|ER+: 0.05094821337713187
Confusion_ERPR: [[0.03532711 0.02344212 0.02668899 0.02036076]
 [0.14590712 0.08164966 0.05333333 0.17650936]
 [0.06113659 0.01745314 0.0555128  0.07687693]
 [0.01940635 0.02016789 0.01358293 0.03749284]]
Train time: 14.034868545711845
Epochs: 0.0
