0
Train time: 63.404806586106616
Epochs: 3
AUC_ROC_ER: 0.9378454310980103
AUC_PR_ER: 0.9753080367059952
AUC_ROC_PR: 0.8109126984126984
AUC_PR_PR: 0.8782821866972859
AUC_ROC_LABELSAGREE: 0.5393687707641196
UI_ER: 0.40499958395957947
UI_PR: 0.13593821227550507
AUC_ROC_ER|PR+: 0.9583333333333334
AUC_ROC_ER|PR-: 0.9065180102915952
AUC_ROC_PR|ER+: 0.5555555555555557
AUC_ROC_PR|ER-: 0.49528301886792453
UI_ER|PR+: -0.05776601657271385
UI_ER|PR-: 0.22131508588790894
UI_PR|ER+: -0.18757911026477814
UI_PR|ER-: -0.40632960200309753
Confusion_ERPR: [[0.75471698 0.         0.03773585 0.20754717]
 [0.75       0.         0.16666667 0.08333333]
 [0.15909091 0.         0.06818182 0.77272727]
 [0.07098765 0.00308642 0.01234568 0.91358025]]
1
Train time: 60.09312567313512
Epochs: 3
AUC_ROC_ER: 0.9294987468671679
AUC_PR_ER: 0.9786331354347702
AUC_ROC_PR: 0.8184555229716519
AUC_PR_PR: 0.8785788019143138
AUC_ROC_LABELSAGREE: 0.6002059025394646
UI_ER: 0.2979394197463989
UI_PR: 0.20561367273330688
AUC_ROC_ER|PR+: 0.8760288065843621
AUC_ROC_ER|PR-: 0.8764430014430015
AUC_ROC_PR|ER+: 0.630952380952381
AUC_ROC_PR|ER-: 0.7508417508417508
UI_ER|PR+: -0.23806577920913696
UI_ER|PR-: 0.3095066547393799
UI_PR|ER+: -0.13806477189064026
UI_PR|ER-: -0.21811039745807648
Confusion_ERPR: [[0.75757576 0.02020202 0.07070707 0.15151515]
 [0.33333333 0.         0.16666667 0.5       ]
 [0.19642857 0.03571429 0.10714286 0.66071429]
 [0.08024691 0.00308642 0.06790123 0.84876543]]
2
Train time: 60.046166869004566
Epochs: 3
AUC_ROC_ER: 0.9037340619307833
AUC_PR_ER: 0.9675654293043299
AUC_ROC_PR: 0.8187500000000001
AUC_PR_PR: 0.8801501051282297
AUC_ROC_LABELSAGREE: 0.5392591279688054
UI_ER: 0.31560009717941284
UI_PR: 0.22364838421344757
AUC_ROC_ER|PR+: 0.9015625000000002
AUC_ROC_ER|PR-: 0.8154080854309688
AUC_ROC_PR|ER+: 0.631046195652174
AUC_ROC_PR|ER-: 0.6622807017543859
UI_ER|PR+: -0.18192356824874878
UI_ER|PR-: 0.015609103254973888
UI_PR|ER+: -0.12200525403022766
UI_PR|ER-: -0.47370240092277527
Confusion_ERPR: [[0.64912281 0.03508772 0.06140351 0.25438596]
 [0.5        0.         0.16666667 0.33333333]
 [0.19565217 0.02173913 0.04347826 0.73913043]
 [0.065625   0.009375   0.05       0.875     ]]
3
Train time: 68.4376656850179
Epochs: 4
AUC_ROC_ER: 0.9057239057239057
AUC_PR_ER: 0.9764056432688364
AUC_ROC_PR: 0.7997355964006995
AUC_PR_PR: 0.8870827797338019
AUC_ROC_LABELSAGREE: 0.5556973206399058
UI_ER: 0.1726902425289154
UI_PR: 0.08935324102640152
AUC_ROC_ER|PR+: 0.7718926553672316
AUC_ROC_ER|PR-: 0.8416265382557517
AUC_ROC_PR|ER+: 0.5970540758676351
AUC_ROC_PR|ER-: 0.6938202247191011
UI_ER|PR+: -0.36301469802856445
UI_ER|PR-: 0.1829259693622589
UI_PR|ER+: -0.27913689613342285
UI_PR|ER-: -0.389350563287735
Confusion_ERPR: [[0.73033708 0.04494382 0.04494382 0.17977528]
 [0.5        0.         0.         0.5       ]
 [0.23809524 0.02380952 0.07142857 0.66666667]
 [0.09887006 0.00564972 0.05367232 0.84180791]]
4
Train time: 85.25964790980021
Epochs: 6
AUC_ROC_ER: 0.9166392363396971
AUC_PR_ER: 0.9729510433513574
AUC_ROC_PR: 0.8229832977967306
AUC_PR_PR: 0.896938150551909
AUC_ROC_LABELSAGREE: 0.6382388238823882
UI_ER: 0.25742751359939575
UI_PR: 0.13954536616802216
AUC_ROC_ER|PR+: 0.9640706126687435
AUC_ROC_ER|PR-: 0.8145523269548784
AUC_ROC_PR|ER+: 0.7171217396615968
AUC_ROC_PR|ER-: 0.5718875502008032
UI_ER|PR+: -0.07687769830226898
UI_ER|PR-: 0.14417757093906403
UI_PR|ER+: -0.09594353288412094
UI_PR|ER-: -0.26759982109069824
Confusion_ERPR: [[0.77108434 0.03614458 0.08433735 0.10843373]
 [0.73333333 0.06666667 0.2        0.        ]
 [0.35294118 0.03921569 0.07843137 0.52941176]
 [0.07788162 0.00311526 0.07165109 0.84735202]]
MEAN
AUC_ROC_ER: 0.918688276391913
AUC_PR_ER: 0.9741726576130578
AUC_ROC_PR: 0.8141674231163561
AUC_PR_PR: 0.884206404805108
AUC_ROC_LABELSAGREE: 0.5745539891589366
UI_ER: 0.28973137140274047
UI_PR: 0.15881977528333663
AUC_ROC_ER|PR+: 0.8943775815907342
AUC_ROC_ER|PR-: 0.850909592475239
AUC_ROC_PR|ER+: 0.6263459895378686
AUC_ROC_PR|ER-: 0.6348226492767932
UI_ER|PR+: -0.1835295520722866
UI_ER|PR-: 0.17470687683671712
UI_PR|ER+: -0.16454591304063798
UI_PR|ER-: -0.3510185569524765
Confusion_ERPR: [[0.73256739 0.02727563 0.05982552 0.18033146]
 [0.56333333 0.01333333 0.14       0.28333333]
 [0.22844161 0.02409573 0.07373258 0.67373008]
 [0.07872225 0.00486256 0.05111406 0.86530112]]
Train time: 67.44828254461288
Epochs: 3.8
STD_DEV
AUC_ROC_ER: 0.01326472653643669
AUC_PR_ER: 0.003776744109669745
AUC_ROC_PR: 0.00819729605285676
AUC_PR_PR: 0.007121667277341298
AUC_ROC_LABELSAGREE: 0.038866642770873996
UI_ER: 0.07584917789140126
UI_PR: 0.04922008843646548
AUC_ROC_ER|PR+: 0.06976863838510895
AUC_ROC_ER|PR-: 0.03581238322068991
AUC_ROC_PR|ER+: 0.053203100172404975
AUC_ROC_PR|ER-: 0.09069423976440988
UI_ER|PR+: 0.1116985063886205
UI_ER|PR-: 0.09659710019743899
UI_PR|ER+: 0.06462022384566991
UI_PR|ER-: 0.0940247247680872
Confusion_ERPR: [[0.04374369 0.01578511 0.01691831 0.04944641]
 [0.15790292 0.02666667 0.07118052 0.2081666 ]
 [0.06708627 0.01378291 0.02044392 0.08381495]
 [0.0113166  0.0024635  0.02104449 0.02673003]]
Train time: 9.417674469600906
Epochs: 1.16619037896906
