0
Train time: 329.29930392901105
Epochs: 3
AUC_ROC_ER: 0.9130434782608696
AUC_ROC_ER_BALANCED: 0.9038419242557912
AUC_ROC_PR_BALANCED: 0.8384218543319621
AUC_ROC_PR: 0.8031547619047619
AUC_ROC_ER|PR-: 0.8608490566037736
AUC_ROC_PR|ER+: 0.54503367003367
Confusion_ERPR: [[0.72641509 0.01886792 0.11320755 0.14150943]
 [0.83333333 0.08333333 0.         0.08333333]
 [0.20454545 0.         0.02272727 0.77272727]
 [0.06481481 0.0308642  0.04012346 0.86419753]]
1
Train time: 333.96958303054174
Epochs: 2
AUC_ROC_ER: 0.9257894736842106
AUC_ROC_ER_BALANCED: 0.9187979125212455
AUC_ROC_PR_BALANCED: 0.882323744414536
AUC_ROC_PR: 0.8258455522971653
AUC_ROC_ER|PR-: 0.8764430014430015
AUC_ROC_PR|ER+: 0.6474316578483245
Confusion_ERPR: [[0.73737374 0.02020202 0.08080808 0.16161616]
 [0.33333333 0.         0.33333333 0.33333333]
 [0.19642857 0.         0.08928571 0.71428571]
 [0.06790123 0.00308642 0.04012346 0.88888889]]
2
Train time: 443.4291354139646
Epochs: 2
AUC_ROC_ER: 0.8822632058287796
AUC_ROC_ER_BALANCED: 0.8709634233073145
AUC_ROC_PR_BALANCED: 0.830313008138795
AUC_ROC_PR: 0.7953604294478528
AUC_ROC_ER|PR-: 0.8098779557589627
AUC_ROC_PR|ER+: 0.6061141304347827
Confusion_ERPR: [[0.78947368 0.07017544 0.06140351 0.07894737]
 [1.         0.         0.         0.        ]
 [0.30434783 0.02173913 0.13043478 0.54347826]
 [0.1875     0.046875   0.06875    0.696875  ]]
3
Train time: 405.4847262978554
Epochs: 6
AUC_ROC_ER: 0.9154447702834799
AUC_ROC_ER_BALANCED: 0.9091966099231595
AUC_ROC_PR_BALANCED: 0.8475995376321938
AUC_ROC_PR: 0.7960893854748603
AUC_ROC_ER|PR-: 0.8523274478330658
AUC_ROC_PR|ER+: 0.6175679311272531
Confusion_ERPR: [[0.75280899 0.07865169 0.02247191 0.14606742]
 [0.25       0.25       0.25       0.25      ]
 [0.28571429 0.04761905 0.0952381  0.57142857]
 [0.09039548 0.02542373 0.09322034 0.79096045]]
4
Train time: 248.7858278830846
Epochs: 3
AUC_ROC_ER: 0.8951612903225806
AUC_ROC_ER_BALANCED: 0.876402648591609
AUC_ROC_PR_BALANCED: 0.8279345469493578
AUC_ROC_PR: 0.8060589907604834
AUC_ROC_ER|PR-: 0.7748641625324828
AUC_ROC_PR|ER+: 0.6881681021318186
Confusion_ERPR: [[0.74698795 0.04819277 0.09638554 0.10843373]
 [0.66666667 0.         0.2        0.13333333]
 [0.43137255 0.03921569 0.09803922 0.43137255]
 [0.08411215 0.02803738 0.1152648  0.77258567]]
MEAN
AUC_ROC_ER: 0.9063404436759841
AUC_ROC_ER_BALANCED: 0.895840503719824
AUC_ROC_PR_BALANCED: 0.845318538293369
AUC_ROC_PR: 0.8053018239770248
AUC_ROC_ER|PR-: 0.8348723248342573
AUC_ROC_PR|ER+: 0.6208630983151698
Confusion_ERPR: [[0.75061189 0.04721797 0.07485532 0.12731482]
 [0.61666667 0.06666667 0.15666667 0.16      ]
 [0.28448174 0.02171477 0.08714502 0.60665847]
 [0.09894474 0.02685735 0.07149641 0.80270151]]
Train time: 352.19371531089143
Epochs: 3.2
STD_DEV
AUC_ROC_ER: 0.015561304931995852
AUC_ROC_ER_BALANCED: 0.018794415469600027
AUC_ROC_PR_BALANCED: 0.019745994925481906
AUC_ROC_PR: 0.011053762243803498
AUC_ROC_ER|PR-: 0.03723786002000081
AUC_ROC_PR|ER+: 0.04735893636529019
Confusion_ERPR: [[0.02139595 0.0246968  0.0312885  0.02975108]
 [0.28674418 0.09718253 0.13482499 0.11860298]
 [0.08498972 0.01959784 0.03524887 0.12257284]
 [0.04530713 0.01403756 0.02954206 0.06848955]]
Train time: 67.39925516735832
Epochs: 1.469693845669907
