0
Train time: 117.6551430384318
Epochs: 3
AUC_ROC_ER: 0.8591101694915255
AUC_ROC_ER_BALANCED: 0.8490247490134991
AUC_ROC_PR_BALANCED: 0.8491668376991934
AUC_ROC_PR: 0.8149404761904762
AUC_ROC_ER|PR-: 0.8033876500857633
AUC_ROC_PR|ER+: 0.5896464646464645
Confusion_ERPR: [[0.6509434  0.05660377 0.26415094 0.02830189]
 [0.83333333 0.         0.16666667 0.        ]
 [0.18181818 0.02272727 0.31818182 0.47727273]
 [0.13580247 0.04320988 0.16358025 0.65740741]]
1
Train time: 116.3403850277265
Epochs: 3
AUC_ROC_ER: 0.8758395989974939
AUC_ROC_ER_BALANCED: 0.8687446039182654
AUC_ROC_PR_BALANCED: 0.8761705759752743
AUC_ROC_PR: 0.8156207233626588
AUC_ROC_ER|PR-: 0.8300865800865801
AUC_ROC_PR|ER+: 0.6355820105820106
Confusion_ERPR: [[0.6969697  0.01010101 0.25252525 0.04040404]
 [0.5        0.         0.33333333 0.16666667]
 [0.21428571 0.03571429 0.33928571 0.41071429]
 [0.09259259 0.02777778 0.22839506 0.65123457]]
2
Train time: 107.48103275696437
Epochs: 2
AUC_ROC_ER: 0.8194216757741347
AUC_ROC_ER_BALANCED: 0.8067631031553261
AUC_ROC_PR_BALANCED: 0.8465328366287832
AUC_ROC_PR: 0.8006518404907975
AUC_ROC_ER|PR-: 0.7479023646071701
AUC_ROC_PR|ER+: 0.5964673913043479
Confusion_ERPR: [[0.76315789 0.00877193 0.21929825 0.00877193]
 [1.         0.         0.         0.        ]
 [0.34782609 0.         0.32608696 0.32608696]
 [0.221875   0.05       0.378125   0.35      ]]
3
Train time: 123.82420657078426
Epochs: 4
AUC_ROC_ER: 0.8418323015097208
AUC_ROC_ER_BALANCED: 0.8444643209157571
AUC_ROC_PR_BALANCED: 0.8637539642363443
AUC_ROC_PR: 0.8043626593884601
AUC_ROC_ER|PR-: 0.8394863563402889
AUC_ROC_PR|ER+: 0.604317998385795
Confusion_ERPR: [[0.92134831 0.         0.07865169 0.        ]
 [0.75       0.         0.25       0.        ]
 [0.42857143 0.         0.23809524 0.33333333]
 [0.31355932 0.04519774 0.20338983 0.43785311]]
4
Train time: 116.0003709435463
Epochs: 3
AUC_ROC_ER: 0.8537414965986395
AUC_ROC_ER_BALANCED: 0.8392409994298092
AUC_ROC_PR_BALANCED: 0.8315830332427752
AUC_ROC_PR: 0.8060589907604833
AUC_ROC_ER|PR-: 0.776045357902197
AUC_ROC_PR|ER+: 0.6989188198643944
Confusion_ERPR: [[0.74698795 0.01204819 0.22891566 0.01204819]
 [0.73333333 0.         0.26666667 0.        ]
 [0.37254902 0.01960784 0.41176471 0.19607843]
 [0.17445483 0.04361371 0.36137072 0.42056075]]
MEAN
AUC_ROC_ER: 0.8499890484743029
AUC_ROC_ER_BALANCED: 0.8416475552865312
AUC_ROC_PR_BALANCED: 0.8534414495564739
AUC_ROC_PR: 0.8083269380385752
AUC_ROC_ER|PR-: 0.7993816618043998
AUC_ROC_PR|ER+: 0.6249865369566026
Confusion_ERPR: [[0.75588145 0.01750498 0.20870836 0.01790521]
 [0.76333333 0.         0.20333333 0.03333333]
 [0.30901009 0.01560988 0.32668289 0.34869715]
 [0.18765684 0.04195982 0.26697217 0.50341117]]
Train time: 116.26022766749065
Epochs: 3.0
STD_DEV
AUC_ROC_ER: 0.018795869081922833
AUC_ROC_ER_BALANCED: 0.020096386302176986
AUC_ROC_PR_BALANCED: 0.015275815851484858
AUC_ROC_PR: 0.005944819655470347
AUC_ROC_ER|PR-: 0.03394680424540559
AUC_ROC_PR|ER+: 0.04016888692403051
Confusion_ERPR: [[0.09164487 0.01998    0.06697614 0.01450935]
 [0.16206994 0.         0.11469767 0.06666667]
 [0.09485703 0.01384316 0.05535005 0.09425237]
 [0.07605616 0.00749075 0.08658734 0.12669936]]
Train time: 5.221259996168516
Epochs: 0.6324555320336759
