0
Train time: 351.5045899391174
Epochs: 6
AUC_ROC_ER: 0.9374309137803979
AUC_ROC_ER_BALANCED: 0.9318970248634387
AUC_ROC_PR_BALANCED: 0.8246295637918541
AUC_ROC_PR: 0.7946626984126985
AUC_ROC_ER|PR-: 0.9099485420240138
AUC_ROC_PR|ER+: 0.573723344556678
Confusion_ERPR: [[0.82075472 0.03773585 0.04716981 0.09433962]
 [1.         0.         0.         0.        ]
 [0.25       0.02272727 0.13636364 0.59090909]
 [0.10493827 0.0462963  0.15432099 0.69444444]]
1
Train time: 198.09655983448027
Epochs: 3
AUC_ROC_ER: 0.9219548872180452
AUC_ROC_ER_BALANCED: 0.9173431274734741
AUC_ROC_PR_BALANCED: 0.8713097584308773
AUC_ROC_PR: 0.80930596285435
AUC_ROC_ER|PR-: 0.8872655122655123
AUC_ROC_PR|ER+: 0.6271494708994708
Confusion_ERPR: [[0.71717172 0.06060606 0.11111111 0.11111111]
 [0.33333333 0.         0.         0.66666667]
 [0.16071429 0.         0.21428571 0.625     ]
 [0.08024691 0.02469136 0.08641975 0.80864198]]
2
Train time: 185.02161162296932
Epochs: 3
AUC_ROC_ER: 0.8795081967213115
AUC_ROC_ER_BALANCED: 0.8679821219251139
AUC_ROC_PR_BALANCED: 0.8149611684917403
AUC_ROC_PR: 0.7843174846625768
AUC_ROC_ER|PR-: 0.8047292143401984
AUC_ROC_PR|ER+: 0.63125
Confusion_ERPR: [[0.70175439 0.07017544 0.07017544 0.15789474]
 [0.66666667 0.16666667 0.         0.16666667]
 [0.19565217 0.02173913 0.17391304 0.60869565]
 [0.1125     0.0375     0.1375     0.7125    ]]
3
Train time: 210.03857325315477
Epochs: 5
AUC_ROC_ER: 0.8951341370696209
AUC_ROC_ER_BALANCED: 0.8903179629599695
AUC_ROC_PR_BALANCED: 0.8142353502281984
AUC_ROC_PR: 0.7590942044436861
AUC_ROC_ER|PR-: 0.8480470840021401
AUC_ROC_PR|ER+: 0.5710250201775625
Confusion_ERPR: [[0.75280899 0.06741573 0.02247191 0.15730337]
 [0.5        0.         0.         0.5       ]
 [0.28571429 0.         0.02380952 0.69047619]
 [0.10734463 0.02259887 0.10169492 0.76836158]]
4
Train time: 325.58565698862077
Epochs: 14
AUC_ROC_ER: 0.9328231292517007
AUC_ROC_ER_BALANCED: 0.912240493444759
AUC_ROC_PR_BALANCED: 0.8497879889013055
AUC_ROC_PR: 0.8296908315565031
AUC_ROC_ER|PR-: 0.8112449799196787
AUC_ROC_PR|ER+: 0.7111966281839839
Confusion_ERPR: [[0.8313253  0.03614458 0.03614458 0.09638554]
 [0.86666667 0.06666667 0.06666667 0.        ]
 [0.43137255 0.03921569 0.09803922 0.43137255]
 [0.10280374 0.01246106 0.1152648  0.7694704 ]]
MEAN
AUC_ROC_ER: 0.9133702528082154
AUC_ROC_ER_BALANCED: 0.9039561461333511
AUC_ROC_PR_BALANCED: 0.8349847659687951
AUC_ROC_PR: 0.7954142363859629
AUC_ROC_ER|PR-: 0.8522470665103088
AUC_ROC_PR|ER+: 0.6228688927635391
Confusion_ERPR: [[0.76476302 0.05441553 0.05741457 0.12340688]
 [0.67333333 0.04666667 0.01333333 0.26666667]
 [0.26469066 0.01673642 0.12928223 0.5892907 ]
 [0.10156671 0.02870952 0.11904009 0.75068368]]
Train time: 254.04939832766848
Epochs: 6.2
STD_DEV
AUC_ROC_ER: 0.02240634069168049
AUC_ROC_ER_BALANCED: 0.022399396607908174
AUC_ROC_PR_BALANCED: 0.02225917073111437
AUC_ROC_PR: 0.023709544361633455
AUC_ROC_ER|PR-: 0.04126138401043703
AUC_ROC_PR|ER+: 0.05097730315631626
Confusion_ERPR: [[0.05280819 0.0146133  0.03106289 0.02851185]
 [0.2407396  0.06531973 0.02666667 0.27080128]
 [0.09382756 0.01500967 0.06537318 0.08582654]
 [0.01113869 0.01186647 0.02435038 0.04158235]]
Train time: 69.92490096062288
Epochs: 4.069397989875161
